Tandon4: 0.01209306372
Langone15: 0.02461723311
Langone16: 0.02285770402
Langone17: 0.02157699999
Lighthouse3: 0.02205862195
Lighthouse4: 0.02681116641
Lighthouse6: 0.01098358101